[Settings]
CameraAngle=49.368229 4854.696777 0.000000
CameraPosition=-256.629028 58.168709 363.025085
