[Settings]
CameraAngle=30.883722 4610.611328 0.000000
CameraPosition=55.251163 225.135147 -215.478104
