[Settings]
CameraAngle=29.238888 80.183151 0.000000
CameraPosition=-378.791565 306.128204 -85.135605
